Scenario,Gen,Signal,Method,Frequency,Damping,Amplitude,Phase
load03,g1,Voltage,Order 6,0.6407230602220587,-0.3287422675432347,2.5339092632797587e-05,1.48193165777116
load03,g1,Voltage,Tau 0.1,0.6407230602220587,-0.3287422675432347,2.5339092632797587e-05,1.48193165777116
load03,g1,Voltage,Tau 0.01,0.6407230602220587,-0.3287422675432347,2.5339092632797587e-05,1.48193165777116
load03,g1,Current,Order 4,0.2871668837394123,-0.1563943039934667,3.932274130744844e-05,-2.447552046609992
load03,g1,Current,Order 6,0.6367286647944832,-0.3299266497825402,0.0001740369236428,1.6481402113650916
load03,g1,Current,Tau 0.1,0.6367286647944832,-0.3299266497825402,0.0001740369236428,1.6481402113650916
load03,g1,Current,Tau 0.01,0.6367286647944832,-0.3299266497825402,0.0001740369236428,1.6481402113650916
load03,g1,Active Power,Order 4,0.2798641081462775,-0.1398947093804912,0.3498012574205118,-2.60743542767938
load03,g1,Active Power,Order 6,0.6373593470621671,-0.3297177118115678,1.8309803075971864,1.633476869067633
load03,g1,Active Power,Tau 0.1,0.6373593470621671,-0.3297177118115678,1.8309803075971864,1.633476869067633
load03,g1,Active Power,Tau 0.01,0.6373593470621671,-0.3297177118115678,1.8309803075971864,1.633476869067633
load03,g1,Reactive Power,Order 4,0.5924024611122264,-0.3855184404144031,0.4190257296353941,-1.232586981440059
load03,g1,Reactive Power,Order 6,0.6277953932251306,-0.3201421634560671,0.3482976580180317,-1.4980038661006756
load03,g1,Reactive Power,Tau 1,0.6277953932251306,-0.3201421634560671,0.3482976580180317,-1.4980038661006756
load03,g1,Reactive Power,Tau 0.1,0.6479071120222948,-0.3670386976078493,0.3882728855621154,-1.680990195453148
load03,g1,Reactive Power,Tau 0.1,0.1401323543642912,-0.1964117385651171,0.051511031212867,-0.6287196585850011
load03,g1,Reactive Power,Tau 0.01,0.9711889925383036,-0.3845335866015617,0.0225846009494375,1.2700483649517995
load03,g1,Reactive Power,Tau 0.01,0.642048631971243,-0.3463221108316274,0.3757603628470221,-1.6123923139003435
load03,g1,Reactive Power,Tau 0.01,0.136475947576191,-0.1943097701809387,0.0449664098875178,-0.3944813397810003
load03,g2,Voltage,Order 4,0.6520655615575219,-0.3997795583880559,8.189885917872431e-05,1.2775187014398688
load03,g2,Voltage,Order 6,0.6275641835759551,-0.3636764783498835,7.994315009438247e-05,1.534562404983731
load03,g2,Voltage,Order 6,0.1002499920468005,-0.4808442791135062,6.394534513293448e-05,2.0908254860266178
load03,g2,Voltage,Tau 1,0.6275641835759551,-0.3636764783498835,7.994315009438247e-05,1.534562404983731
load03,g2,Voltage,Tau 1,0.1002499920468005,-0.4808442791135062,6.394534513293448e-05,2.0908254860266178
load03,g2,Voltage,Tau 0.1,0.6275641835759551,-0.3636764783498835,7.994315009438247e-05,1.534562404983731
load03,g2,Voltage,Tau 0.1,0.1002499920468005,-0.4808442791135062,6.394534513293448e-05,2.0908254860266178
load03,g2,Voltage,Tau 0.01,1.0977642527950229,-0.2534096545811709,3.920931130774349e-06,1.5072574621849566
load03,g2,Voltage,Tau 0.01,0.9899445192229728,-0.4974059083377773,1.0527265401559014e-05,-0.2652448698955523
load03,g2,Voltage,Tau 0.01,0.6320128185702529,-0.2928318496453523,6.833288593606763e-05,1.52025097704944
load03,g2,Voltage,Tau 0.01,0.105187910833506,-0.6222080930539234,7.033052109076639e-05,2.152855186095559
load03,g2,Voltage,Tau 0.01,0.1612697832929193,-0.1611381506404411,3.799894384184884e-06,1.290914981041987
load03,g2,Current,Order 4,0.2226294248822873,-0.2244038588032603,0.0001005272256211,0.7851401097291737
load03,g2,Current,Order 6,0.636972010977493,-0.4172356864100472,0.0003219446904283,-1.3139749774329512
load03,g2,Current,Tau 1,0.6402066281862695,-0.4508003067992804,0.0003448530408703,-1.3424820138634497
load03,g2,Current,Tau 0.1,0.9730888439293216,-0.438715694255586,0.0001109652092841,-2.061748917629668
load03,g2,Current,Tau 0.1,0.637346197626579,-0.3326416230560751,0.000245069846962,-1.4045672005521963
load03,g2,Current,Tau 0.01,0.9730888439293216,-0.438715694255586,0.0001109652092841,-2.061748917629668
load03,g2,Current,Tau 0.01,0.637346197626579,-0.3326416230560751,0.000245069846962,-1.4045672005521963
load03,g2,Active Power,Order 4,0.1627850192695926,-0.3121746469395583,0.1015207290601686,1.3234756385790831
load03,g2,Active Power,Order 6,0.6648713925622578,-0.612667153206519,0.215643192895955,-1.381342118370641
load03,g2,Active Power,Tau 0.1,0.6496547846006733,-0.4733550486723951,0.181514157855928,-1.3157070886927809
load03,g2,Active Power,Tau 0.01,1.0990800473463582,-0.1726314710642414,0.0077106196674404,-0.8436695216495896
load03,g2,Active Power,Tau 0.01,0.9825847561366674,-0.4245888521015318,0.0837561205759697,-2.203111166625745
load03,g2,Active Power,Tau 0.01,0.6371398625294431,-0.3314780027815297,0.1210186310967818,-1.3326373179345523
load03,g2,Reactive Power,Order 6,0.6362727601611943,-0.2922839456415175,0.0306710680461815,-1.0952561661181677
load03,g2,Reactive Power,Tau 0.1,0.6362727601611943,-0.2922839456415175,0.0306710680461815,-1.0952561661181677
load03,g2,Reactive Power,Tau 0.01,0.63740117117558,-0.2946087769831988,0.0373778655123799,-1.051329734015846
load03,g3,Voltage,Order 2,0.6235096849770009,-0.2778906618892142,6.781042923640212e-05,1.5647334801453332
load03,g3,Voltage,Order 4,0.6513860519564649,-0.3352569351189222,7.653541374636834e-05,1.2868377858404054
load03,g3,Voltage,Order 6,0.6350686331607205,-0.4343080043747405,8.611223273582317e-05,1.4089843298631208
load03,g3,Voltage,Tau 1,0.6235096849770009,-0.2778906618892142,6.781042923640212e-05,1.5647334801453332
load03,g3,Voltage,Tau 0.1,0.6513860519564649,-0.3352569351189222,7.653541374636834e-05,1.2868377858404054
load03,g3,Voltage,Tau 0.01,0.6566582430841528,-0.4039770506523775,8.513753025127898e-05,1.2676202485758965
load03,g3,Voltage,Tau 0.01,0.1490672569322564,-0.2848660988869532,1.355078301589213e-05,2.337879396301632
load03,g3,Current,Order 4,0.5461184889770411,-0.3329990881303666,0.0002068785668134,-0.4395482474112439
load03,g3,Current,Order 6,0.6371022871524998,-0.4038147269178062,0.0003418478932517,-1.3435372217698989
load03,g3,Current,Tau 1,0.6366674492960445,-0.4196982748804576,0.0003488515335526,-1.3414348177218465
load03,g3,Current,Tau 0.1,0.972803636977743,-0.4408889735667277,9.777172940530992e-05,-2.0232916195698425
load03,g3,Current,Tau 0.1,0.6357511291695939,-0.3475909109770841,0.0002885260676897,-1.3997209773866843
load03,g3,Current,Tau 0.01,0.972803636977743,-0.4408889735667277,9.777172940530992e-05,-2.0232916195698425
load03,g3,Current,Tau 0.01,0.6357511291695939,-0.3475909109770841,0.0002885260676897,-1.3997209773866843
load03,g3,Active Power,Order 4,0.2375959103544867,-0.2037369851423622,0.058219255948744,0.8549321654029219
load03,g3,Active Power,Order 6,0.6396975657277323,-0.4884023559676957,0.2139545257415387,-1.2759771174605947
load03,g3,Active Power,Tau 0.1,0.6387486664053618,-0.4734830798619739,0.2200769443140122,-1.2694706709093508
load03,g3,Active Power,Tau 0.01,1.1041279690733647,-0.1759869731177615,0.0070833121476212,-0.714318349059285
load03,g3,Active Power,Tau 0.01,0.9801344002118116,-0.4378862457934018,0.0848259360410804,-2.1258022503142
load03,g3,Active Power,Tau 0.01,0.6362306125344113,-0.3415699525040473,0.1635401581654044,-1.331426154111375
load03,g3,Reactive Power,Order 4,0.2703900470669365,-0.2644487148351901,0.0305239991639249,0.3114995958946692
load03,g3,Reactive Power,Order 6,0.6369759305868355,-0.2959863072535956,0.0529666457852237,-1.0994809592396113
load03,g3,Reactive Power,Tau 1,0.6369759305868355,-0.2959863072535956,0.0529666457852237,-1.0994809592396113
load03,g3,Reactive Power,Tau 0.1,0.6369759305868355,-0.2959863072535956,0.0529666457852237,-1.0994809592396113
load03,g3,Reactive Power,Tau 0.01,0.9981263952577728,-0.4074835121429583,0.0086971175549196,0.2646640828715231
load03,g3,Reactive Power,Tau 0.01,0.6393682138890553,-0.333189939396777,0.0575880778200061,-1.151213710637918
load03,g4,Voltage,Order 4,0.6189643840777957,-0.379675068329518,8.328852679506812e-05,1.4554920841074377
load03,g4,Voltage,Order 6,0.6439871112757375,-0.363050548972374,7.841810686500185e-05,1.213073429509807
load03,g4,Voltage,Tau 1,0.6368030601290073,-0.3274041937676563,7.456858285035179e-05,1.289731639495073
load03,g4,Voltage,Tau 0.1,0.6368030601290073,-0.3274041937676563,7.456858285035179e-05,1.289731639495073
load03,g4,Voltage,Tau 0.01,0.6368030601290073,-0.3274041937676563,7.456858285035179e-05,1.289731639495073
load03,g4,Current,Order 4,0.4867165137961062,-0.2574090505772844,0.0001688824854987,-0.2372710528088725
load03,g4,Current,Order 6,0.6318428241057985,-0.3781017294329153,0.0003363621785518,-1.2927149844936412
load03,g4,Current,Tau 1,0.6317546331532297,-0.4241406008764065,0.0003742189034398,-1.295172605327635
load03,g4,Current,Tau 0.1,0.9821840999494804,-0.7678074666767692,0.0001357394139097,-1.7942238138797602
load03,g4,Current,Tau 0.1,0.6392843022410306,-0.3396270338704837,0.0002870173059523,-1.4777311069538093
load03,g4,Current,Tau 0.01,0.9821840999494804,-0.7678074666767692,0.0001357394139097,-1.7942238138797602
load03,g4,Current,Tau 0.01,0.6392843022410306,-0.3396270338704837,0.0002870173059523,-1.4777311069538093
load03,g4,Active Power,Order 4,0.1977697857194062,-0.2536156588335682,0.1121716833767725,1.2525390596900774
load03,g4,Active Power,Order 6,0.6318423952959482,-0.4290550619520134,0.2217995216860518,-1.188304052961232
load03,g4,Active Power,Tau 1,0.6302442648011041,-0.4451332017401447,0.221771621991141,-1.1674022977109302
load03,g4,Active Power,Tau 0.1,0.6302442648011041,-0.4451332017401447,0.221771621991141,-1.1674022977109302
load03,g4,Active Power,Tau 0.01,0.9710713332091764,-0.7109331471131785,0.1037342577881799,-1.7473934978814134
load03,g4,Active Power,Tau 0.01,0.6361635894891475,-0.3250596107921113,0.1706824427439004,-1.3586164731745454
load03,g4,Reactive Power,Order 6,0.6339471774219954,-0.3533825843414997,0.0959112708378955,-1.1339802087767423
load03,g4,Reactive Power,Tau 1,0.6339471774219954,-0.3533825843414997,0.0959112708378955,-1.1339802087767423
load03,g4,Reactive Power,Tau 0.1,0.6339471774219954,-0.3533825843414997,0.0959112708378955,-1.1339802087767423
load03,g4,Reactive Power,Tau 0.01,0.635731229418115,-0.3367589440187047,0.0909691017535569,-1.1662314932605289
load03,g5,Voltage,Order 2,0.6086924885944134,-0.4506937231754508,0.0001079087222149,1.642974238068433
load03,g5,Voltage,Order 4,0.6304430867356501,-0.4466981194869736,9.357295076673592e-05,1.40769334313887
load03,g5,Voltage,Order 4,0.1153932794609937,-0.561815206579708,7.251923972933038e-05,-2.2709661613930976
load03,g5,Voltage,Order 6,0.6381669360262204,-0.3419262874060475,8.037500295787066e-05,1.3735326308498412
load03,g5,Voltage,Order 6,0.1580017725306791,-0.5389928555486995,5.880185731156494e-05,-2.819746917974485
load03,g5,Voltage,Tau 1,0.6304430867356501,-0.4466981194869736,9.357295076673592e-05,1.40769334313887
load03,g5,Voltage,Tau 1,0.1153932794609937,-0.561815206579708,7.251923972933038e-05,-2.2709661613930976
load03,g5,Voltage,Tau 0.1,0.6517562109293108,-0.4656209258685722,9.40870338709744e-05,1.2681968816760734
load03,g5,Voltage,Tau 0.1,0.1807782678525498,-0.6524705241906281,6.06185748255597e-05,-3.0757632988067374
load03,g5,Voltage,Tau 0.01,1.1165200120285894,-0.4863508532173881,6.437349331157591e-06,1.0660771632388373
load03,g5,Voltage,Tau 0.01,0.6388652624440846,-0.3491396520867152,8.092108718391606e-05,1.380018592680455
load03,g5,Voltage,Tau 0.01,0.2792114679075747,-0.8568622044675975,2.82106242384668e-05,2.219811983170784
load03,g5,Voltage,Tau 0.01,0.3376479977172032,0.0011904396392484,5.6188561006133654e-08,0.92967429404488
load03,g5,Voltage,Tau 0.01,0.134669787936329,-0.2040893367568731,1.202710610072949e-05,-1.525203752957683
load03,g5,Current,Order 4,0.6239882682686482,-0.3722004005621439,0.000412613493001,-1.2343156254792795
load03,g5,Current,Order 6,0.6301306953198684,-0.3989995604167934,0.0004479694177343,-1.2944623643442863
load03,g5,Current,Tau 0.1,1.003516504010727,-0.7100769706698224,0.0002056627019668,-2.06170245337738
load03,g5,Current,Tau 0.1,0.6373666112985059,-0.3306996563614491,0.0003646234780732,-1.4365731093483778
load03,g5,Current,Tau 0.01,1.124602343320407,-0.6738344984110561,8.654242371234638e-05,-2.765653526717018
load03,g5,Current,Tau 0.01,0.9600504114017198,-0.5141849571687682,0.000100829015904,-1.7558024700914694
load03,g5,Current,Tau 0.01,0.6349779988421336,-0.3436839878919818,0.0003766209215104,-1.3964902317385268
load03,g5,Active Power,Order 4,0.6094262019945365,-0.3741048290113665,0.2115805739236119,-1.0278839707847904
load03,g5,Active Power,Order 6,0.6405932380211433,-0.4304268061390586,0.2392277515855497,-1.2966193664138672
load03,g5,Active Power,Tau 1,0.6355878458625959,-0.463106643452147,0.2504071018747873,-1.262357207976908
load03,g5,Active Power,Tau 0.1,0.6355878458625959,-0.463106643452147,0.2504071018747873,-1.262357207976908
load03,g5,Active Power,Tau 0.01,1.1358304398997618,-0.7175102857942358,0.0414794856840464,-2.913365061660895
load03,g5,Active Power,Tau 0.01,0.960452559538319,-0.5335182560042853,0.0809391417667987,-1.6735245882823009
load03,g5,Active Power,Tau 0.01,0.6395736187184242,-0.3561651377580091,0.1974669884497688,-1.394448114255017
load03,g5,Reactive Power,Order 4,0.1105996129830176,-0.3608486288382287,0.1212850327193525,-1.5792977979341756
load03,g5,Reactive Power,Order 6,0.6162371576005833,-0.3124486664777002,0.0305055600195607,-0.8894722351415967
load03,g5,Reactive Power,Order 6,0.123966158333701,-0.508778754692621,0.1814222941577945,-1.76578948294055
load03,g5,Reactive Power,Tau 1,0.6162371576005833,-0.3124486664777002,0.0305055600195607,-0.8894722351415967
load03,g5,Reactive Power,Tau 1,0.123966158333701,-0.508778754692621,0.1814222941577945,-1.76578948294055
load03,g5,Reactive Power,Tau 0.1,0.6162371576005833,-0.3124486664777002,0.0305055600195607,-0.8894722351415967
load03,g5,Reactive Power,Tau 0.1,0.123966158333701,-0.508778754692621,0.1814222941577945,-1.76578948294055
load03,g5,Reactive Power,Tau 0.01,1.0049075002999508,-0.5004529910162139,0.0079071239817233,0.6126916913312848
load03,g5,Reactive Power,Tau 0.01,0.6305257252862647,-0.3628431684151059,0.0340558224638673,-1.0589071885746295
load03,g5,Reactive Power,Tau 0.01,0.1377408168656252,-0.4232639610815524,0.1465633199078907,-1.5617503722768915
load03,g5,Reactive Power,Tau 0.01,0.1027146133394785,-0.1729024193341763,0.0349251580779913,-2.684431059456305
load03,g6,Voltage,Order 4,0.6167905832059858,-0.34377847931015,7.750596696029497e-05,1.5514285102375
load03,g6,Voltage,Order 6,0.6394460112742439,-0.3190133970636839,7.850530618745138e-05,1.3646546782538038
load03,g6,Voltage,Tau 0.01,1.10916741693234,-0.396739350322677,5.61751168394283e-06,1.1962574272083175
load03,g6,Voltage,Tau 0.01,0.6408208011783784,-0.3300877383361026,8.002924268735921e-05,1.3494485819016837
load03,g6,Voltage,Tau 0.01,0.1030175731297177,-0.1962344603201888,4.3775599268213225e-05,-0.257337716521825
load03,g6,Current,Order 4,0.6095436309910867,-0.3638992493601404,0.0003854953372605,-1.082952924083535
load03,g6,Current,Order 6,0.6342553588278081,-0.38838992031075,0.0004067880724631,-1.3077669277268316
load03,g6,Current,Tau 1,0.6328983376479611,-0.3958936126907135,0.0004231511511864,-1.2914823821669672
load03,g6,Current,Tau 0.1,0.9931007542795044,-0.6979865196807206,0.0001553720131866,-1.9054336167904105
load03,g6,Current,Tau 0.1,0.6389488545679157,-0.328486551689103,0.0003487185829663,-1.4381197732661977
load03,g6,Current,Tau 0.01,0.9931007542795044,-0.6979865196807206,0.0001553720131866,-1.9054336167904105
load03,g6,Current,Tau 0.01,0.6389488545679157,-0.328486551689103,0.0003487185829663,-1.4381197732661977
load03,g6,Active Power,Order 4,0.5764196673122103,-0.3402538761290474,0.2224954219080596,-0.7039881264976606
load03,g6,Active Power,Order 6,0.6349508411393051,-0.4119835535378306,0.2799378909360948,-1.2247819809602776
load03,g6,Active Power,Tau 1,0.6359123640325098,-0.4177904273811676,0.289358260037093,-1.2326526575403614
load03,g6,Active Power,Tau 0.1,0.9823707791211784,-0.6540309115256022,0.1238197648363284,-1.916938095342222
load03,g6,Active Power,Tau 0.1,0.6362478383511706,-0.3291071903717141,0.2214456677324173,-1.3403459631654835
load03,g6,Active Power,Tau 0.01,0.9823707791211784,-0.6540309115256022,0.1238197648363284,-1.916938095342222
load03,g6,Active Power,Tau 0.01,0.6362478383511706,-0.3291071903717141,0.2214456677324173,-1.3403459631654835
load03,g6,Reactive Power,Order 6,0.6388242549756812,-0.348137322971636,0.116391017964475,-1.3122089495207363
load03,g6,Reactive Power,Tau 1,0.6388242549756812,-0.348137322971636,0.116391017964475,-1.3122089495207363
load03,g6,Reactive Power,Tau 0.1,0.6388242549756812,-0.348137322971636,0.116391017964475,-1.3122089495207363
load03,g6,Reactive Power,Tau 0.01,0.6378286874052082,-0.3398780316501226,0.1011639164695737,-1.3468945566974924
load03,g7,Voltage,Order 2,0.4974019391527139,-0.2545981113673422,4.871693064470749e-05,2.3481305132851222
load03,g7,Voltage,Order 4,0.6348680114424327,-0.4585356693766954,0.0001084379813564,1.432025134446762
load03,g7,Voltage,Order 6,0.6370931682644648,-0.3230021843332161,8.0356234561845e-05,1.3609139040217952
load03,g7,Voltage,Tau 1,0.6325196077212887,-0.3059678475469306,7.683723948618109e-05,1.4012350257090669
load03,g7,Voltage,Tau 0.1,0.646651962573448,-0.3048011928687035,7.708409278031568e-05,1.2735403560956953
load03,g7,Voltage,Tau 0.1,0.1378063551914386,-0.4122886060422399,4.171736896905673e-05,-2.276940823973454
load03,g7,Voltage,Tau 0.01,0.646651962573448,-0.3048011928687035,7.708409278031568e-05,1.2735403560956953
load03,g7,Voltage,Tau 0.01,0.1378063551914386,-0.4122886060422399,4.171736896905673e-05,-2.276940823973454
load03,g7,Current,Order 4,0.6039706597824906,-0.3247703245388451,0.0003102425105128,-1.008655164270254
load03,g7,Current,Order 6,0.6338676114416729,-0.4132277293719099,0.000369869996685,-1.2905307250085694
load03,g7,Current,Tau 1,0.6317525682187973,-0.3627307001777375,0.0003444420571514,-1.2648566498640077
load03,g7,Current,Tau 0.1,0.6317525682187973,-0.3627307001777375,0.0003444420571514,-1.2648566498640077
load03,g7,Current,Tau 0.01,0.9925853058569812,-0.706210071971272,0.0001329871696658,-1.7924869927459928
load03,g7,Current,Tau 0.01,0.64020420146479,-0.3318042213729607,0.0003006418660033,-1.4453479521013186
load03,g7,Active Power,Order 4,0.336683526381924,-0.2093800205140042,0.0642321998649003,0.2827472676632159
load03,g7,Active Power,Order 6,0.6359039284140953,-0.4096177430082535,0.2196294854258331,-1.2064230183364464
load03,g7,Active Power,Tau 0.1,0.9855413827194875,-0.677636331187973,0.0871009896073261,-1.912546747636452
load03,g7,Active Power,Tau 0.1,0.6344890590623717,-0.322015788445779,0.1630011789926826,-1.2898929288636831
load03,g7,Active Power,Tau 0.01,0.9855413827194875,-0.677636331187973,0.0871009896073261,-1.912546747636452
load03,g7,Active Power,Tau 0.01,0.6344890590623717,-0.322015788445779,0.1630011789926826,-1.2898929288636831
load03,g7,Reactive Power,Order 4,0.5458110837287754,-0.1514358392480618,0.0314002653941634,-0.3614718786981849
load03,g7,Reactive Power,Order 6,0.6364696262247994,-0.3083930964979575,0.0717700702602537,-1.2580508508086696
load03,g7,Reactive Power,Tau 1,0.6364696262247994,-0.3083930964979575,0.0717700702602537,-1.2580508508086696
load03,g7,Reactive Power,Tau 0.1,0.6335644730558689,-0.3547423247827168,0.0815089618861158,-1.232111451395117
load03,g7,Reactive Power,Tau 0.1,0.1477818473233593,-0.2434515330070634,0.0377989712420715,-1.443246574142096
load03,g7,Reactive Power,Tau 0.01,1.0434688997589194,-0.6502925284048309,0.0165678750668621,-1.6398778383431758
load03,g7,Reactive Power,Tau 0.01,0.633650715939691,-0.3241504679508041,0.0765019985106913,-1.2701418196304832
load03,g7,Reactive Power,Tau 0.01,0.132593488878511,-0.2271982196376653,0.0339831485726837,-0.8265830305072684
load03,g8,Voltage,Order 6,0.6473526138106982,-0.293196556574279,4.767424999230991e-05,1.0496928988557432
load03,g8,Voltage,Tau 0.1,0.6473526138106982,-0.293196556574279,4.767424999230991e-05,1.0496928988557432
load03,g8,Voltage,Tau 0.01,0.9882738636218164,-0.5087909874037253,1.8731210592754377e-05,-2.3249751881424223
load03,g8,Voltage,Tau 0.01,0.6362188923625793,-0.3417632394236116,5.675702274012109e-05,1.3556581418218714
load03,g8,Voltage,Tau 0.01,0.269701283929226,-0.8512248080230064,2.141508437351305e-05,1.9692239446475568
load03,g8,Voltage,Tau 0.01,0.137611933273667,-0.2019213711582274,2.8152667162568583e-05,2.4310908591931777
load03,g8,Current,Order 4,0.1519787815078739,-0.1213779793435121,4.603086310947567e-05,1.5427827770254705
load03,g8,Current,Order 6,0.6697936456531165,-0.2408140845150294,0.000123852643815,-1.9494619093910428
load03,g8,Current,Tau 0.01,1.1555524343995185,-0.4643933609249153,7.362163100487855e-05,0.2461180226152448
load03,g8,Current,Tau 0.01,0.6494157720772421,-0.3669151444354194,0.0001738807841879,-1.648000564069016
load03,g8,Active Power,Order 6,0.6767064658859924,-0.2438506784497925,0.0707098587896963,-1.8459137085467283
load03,g8,Active Power,Tau 1,0.6461394415340089,-0.3301228603545563,0.0833475069881384,-1.4769643118670746
load03,g8,Active Power,Tau 0.1,0.6461394415340089,-0.3301228603545563,0.0833475069881384,-1.4769643118670746
load03,g8,Active Power,Tau 0.01,1.3598845687149974,-0.9353285492610875,0.0610075102481794,-1.7170128198577812
load03,g8,Active Power,Tau 0.01,1.052456441157445,-0.6773103794219155,0.0652095069404183,1.462407979310045
load03,g8,Active Power,Tau 0.01,0.6390831410886683,-0.3354165371830629,0.0943435034209308,-1.36068195861888
load03,g8,Reactive Power,Order 6,0.6416799919748222,-0.3089289041269893,0.0508537490673753,-1.4634996350245082
load03,g8,Reactive Power,Tau 0.01,0.986126480847776,-0.4181429615436548,0.0178935234794084,1.3416356677558154
load03,g8,Reactive Power,Tau 0.01,0.6393394268863293,-0.3423773371016934,0.050883372065843,-1.3980913164723192
load03,g8,Reactive Power,Tau 0.01,0.1271647127666488,-0.3331325989536612,0.070270381806868,2.44581252729694
load03,g9,Voltage,Order 2,0.6761720828908593,-0.4602503808114631,0.0001550035739432,0.941848869052694
load03,g9,Voltage,Order 4,0.8607805124038631,-0.5227381096907819,0.0001173609901244,-1.257423385786903
load03,g9,Voltage,Order 4,0.5815312990977993,-0.3902096371219303,0.00014430422531,2.099255601039847
load03,g9,Voltage,Order 6,0.9750082511669856,-0.3781018184861051,9.45747640704834e-05,-2.2554683212964663
load03,g9,Voltage,Order 6,0.6444320704562829,-0.4667451201589057,0.0001688558771875,1.2865836020096657
load03,g9,Voltage,Order 6,0.1463182718130971,-0.4937877772137484,6.597069126146444e-05,-2.119472099700813
load03,g9,Voltage,Tau 1,0.6761720828908593,-0.4602503808114631,0.0001550035739432,0.941848869052694
load03,g9,Voltage,Tau 0.1,0.9750082511669856,-0.3781018184861051,9.45747640704834e-05,-2.2554683212964663
load03,g9,Voltage,Tau 0.1,0.6444320704562829,-0.4667451201589057,0.0001688558771875,1.2865836020096657
load03,g9,Voltage,Tau 0.1,0.1463182718130971,-0.4937877772137484,6.597069126146444e-05,-2.119472099700813
load03,g9,Voltage,Tau 0.01,0.9741689667115504,-0.4760822271832957,0.0001010095425322,-2.174412727863868
load03,g9,Voltage,Tau 0.01,0.6468699070642135,-0.2924304339574662,0.0001258521837587,1.2808601209079846
load03,g9,Voltage,Tau 0.01,0.2262334188553728,-0.7062766711307314,7.806916563602879e-05,3.093636394267868
load03,g9,Current,Order 4,0.7395007188423596,-0.2375102734730109,0.000224529564603,-2.800723096225545
load03,g9,Current,Order 6,0.8196119638602712,-0.3209067038878871,0.0002915465257438,2.660540874292405
load03,g9,Current,Order 6,0.2724234951313748,-0.5491774036411906,0.00030058532996,0.876572310535751
load03,g9,Current,Tau 0.1,0.9808444854160776,-0.4406162218330555,0.0003963607765222,1.093097108295713
load03,g9,Current,Tau 0.1,0.6414152221541068,-0.3631651337941565,0.000378957552649,-1.5657413795869022
load03,g9,Current,Tau 0.01,1.1020652092149406,-0.4096247180020457,6.849445147184602e-05,-1.5820436006677192
load03,g9,Current,Tau 0.01,0.9757238910069732,-0.5606657468655676,0.0004890103484832,1.2926514365120243
load03,g9,Current,Tau 0.01,0.6382358448269387,-0.339064510319185,0.0003506368823879,-1.5075637548866692
load03,g9,Active Power,Order 4,0.7778213023145096,-0.1861028450302746,0.1288296579340091,-3.129711745663727
load03,g9,Active Power,Order 6,0.8522512754366562,-0.2989096416801568,0.2272966610615962,2.453326056400304
load03,g9,Active Power,Order 6,0.1639526586673531,-0.5784505943712007,0.4500725313046322,1.515254325331549
load03,g9,Active Power,Tau 0.1,0.9825187857195634,-0.4607666076201184,0.3389086532813049,1.144194622284666
load03,g9,Active Power,Tau 0.1,0.6407102311593683,-0.3479191468833541,0.2634270205033547,-1.445878436942773
load03,g9,Active Power,Tau 0.01,1.1177601398453243,-0.3452046711843996,0.0341987479751364,-1.8057840639405849
load03,g9,Active Power,Tau 0.01,0.9794725385995742,-0.5303569740427804,0.3875042520299813,1.251666530788802
load03,g9,Active Power,Tau 0.01,0.6357488722674761,-0.3391734623685598,0.2580812026713084,-1.3650972675269155
load03,g9,Reactive Power,Order 4,0.1319004569752618,-0.0957477692566935,0.0207725376834482,-1.0022945923575262
load03,g9,Reactive Power,Order 6,0.5120992967337038,-0.1261530690608233,0.0105467391683108,1.0366221047906787
load03,g9,Reactive Power,Order 6,0.1321239433665785,-0.1058675128308695,0.0197783660220989,-0.9673568080489346
load03,g9,Reactive Power,Tau 1,0.7571666059134131,-0.4340187904831291,0.0491385304685626,-1.48553795516111
load03,g9,Reactive Power,Tau 1,0.163081127252237,-0.3534612367005895,0.0820635517890463,-1.738107315556907
load03,g9,Reactive Power,Tau 0.1,0.7571666059134131,-0.4340187904831291,0.0491385304685626,-1.48553795516111
load03,g9,Reactive Power,Tau 0.1,0.163081127252237,-0.3534612367005895,0.0820635517890463,-1.738107315556907
load03,g9,Reactive Power,Tau 0.01,0.9819924273534626,-0.4417835739848001,0.0350679946725388,-3.1233483931374315
load03,g9,Reactive Power,Tau 0.01,0.6327000750303764,-0.3480389860134398,0.0362230261696102,-0.219135108775606
load03,g9,Reactive Power,Tau 0.01,0.4260546692953543,-0.6834213868513775,0.0175709002360449,0.2583575336884361
load03,g9,Reactive Power,Tau 0.01,0.1275704786441883,-0.2305448411155761,0.062916461878832,-0.2007300587860871
load03,g10,Voltage,Order 2,0.1197766894906256,-0.2501515126175059,7.167954855664755e-05,-3.126766881384244
load03,g10,Voltage,Order 4,0.6389778065319647,-0.2956008939497704,4.721026103364481e-05,1.2479310733699862
load03,g10,Voltage,Order 4,0.105641486122179,-0.2157502134806694,6.0802824854479606e-05,-2.923139048947127
load03,g10,Voltage,Order 6,0.6436178746823747,-0.2257149755358611,4.502052703854235e-05,1.2886819636132438
load03,g10,Voltage,Order 6,0.1319078988084544,-0.1130071313856007,4.142843371822659e-05,2.7631321959115507
load03,g10,Voltage,Tau 1,0.649679935783496,-0.3313952406657547,5.155946062106776e-05,1.1867319141029684
load03,g10,Voltage,Tau 1,0.1302309259819311,-0.2489533526860348,6.141778278539549e-05,2.800506913062065
load03,g10,Voltage,Tau 0.1,0.9802123901707054,-0.4361061361414915,1.4268083440030506e-05,-2.1456512223243696
load03,g10,Voltage,Tau 0.1,0.6351904017157715,-0.3460285985474753,5.5545257100182565e-05,1.3943358151593803
load03,g10,Voltage,Tau 0.1,0.1280809938673534,-0.1848311751992647,5.347859489770105e-05,2.848046568682979
load03,g10,Voltage,Tau 0.01,0.9901805919237604,-0.4415824749296548,1.332402580794882e-05,-2.39556785172217
load03,g10,Voltage,Tau 0.01,0.6473777468236734,-0.3509859090336946,5.6251079065394416e-05,1.2666682036085208
load03,g10,Voltage,Tau 0.01,0.1329635630200179,-0.2218011964135848,5.214402464926634e-05,2.708914094378241
load03,g10,Voltage,Tau 0.01,0.1031766197798215,-0.1080599683527031,5.732367576505538e-06,-2.429952383161196
load03,g10,Current,Order 4,0.1274851463689995,-0.1521801771687369,0.0001613941507754,2.1098282827289987
load03,g10,Current,Order 6,0.6791517505532889,-0.3200411191618614,0.0002126053155715,-1.8185510538795595
load03,g10,Current,Tau 0.1,1.0997714914306749,-0.4554625074159182,0.0001572814003736,1.5015976870489738
load03,g10,Current,Tau 0.1,0.6406689562714948,-0.3459787380111567,0.0002158150817122,-1.3179862065311865
load03,g10,Current,Tau 0.1,0.1239593705196466,-0.1805384905588162,7.327664020409352e-05,2.738476360425656
load03,g10,Current,Tau 0.01,1.0985512595193971,-0.4534012166043614,0.000155405098192,1.5104854842846005
load03,g10,Current,Tau 0.01,0.642402455618237,-0.3374149953750866,0.0002125677674451,-1.337787580436221
load03,g10,Current,Tau 0.01,0.1242195511621968,-0.207545825455432,8.693417729181773e-05,2.735668703037489
load03,g10,Active Power,Order 6,0.9127349305949668,-0.3367109502485594,0.1317657680475066,2.97361131358892
load03,g10,Active Power,Tau 0.1,1.097477290607361,-0.4070092843677369,0.1667268891802541,1.5924022651309493
load03,g10,Active Power,Tau 0.1,0.6397097969973864,-0.3451596266788517,0.1715814812361685,-1.1349641685900351
load03,g10,Active Power,Tau 0.01,1.097477290607361,-0.4070092843677369,0.1667268891802541,1.5924022651309493
load03,g10,Active Power,Tau 0.01,0.6397097969973864,-0.3451596266788517,0.1715814812361685,-1.1349641685900351
load03,g10,Reactive Power,Order 4,0.1474106198116969,-0.1569396866094558,0.1503868716142305,2.193689476789279
load03,g10,Reactive Power,Order 6,0.6405446358250827,-0.322589047180011,0.151547428741848,-1.583943509199563
load03,g10,Reactive Power,Order 6,0.1211958330420691,-0.2151095033833112,0.1776095729340589,2.9247633463887377
load03,g10,Reactive Power,Tau 0.1,0.6450661318563811,-0.3069200670877182,0.1403945936736929,-1.6626940249085227
load03,g10,Reactive Power,Tau 0.1,0.1274489921115928,-0.2572829426011672,0.2304191121855521,2.663618547390207
load03,g10,Reactive Power,Tau 0.01,0.9693838420804788,-0.4385252399826333,0.0336644304890834,1.161228778297995
load03,g10,Reactive Power,Tau 0.01,0.6416461649564679,-0.3511295782920231,0.1584040928270501,-1.5466205228533367
load03,g10,Reactive Power,Tau 0.01,0.1286637228003839,-0.1541021523019603,0.1304476510232027,2.771437754798716
